,Unnamed: 0,Src Port,Dst Port,Flow Duration,Tot Fwd Pkts,Tot Bwd Pkts,TotLen Fwd Pkts,TotLen Bwd Pkts,Fwd Pkt Len Max,Fwd Pkt Len Min,Fwd Pkt Len Mean,Fwd Pkt Len Std,Bwd Pkt Len Max,Bwd Pkt Len Min,Bwd Pkt Len Mean,Bwd Pkt Len Std,Flow Byts/s,Flow Pkts/s,Flow IAT Mean,Flow IAT Std,Flow IAT Max,Flow IAT Min,Fwd IAT Tot,Fwd IAT Mean,Fwd IAT Std,Fwd IAT Max,Fwd IAT Min,Bwd IAT Tot,Bwd IAT Mean,Bwd IAT Std,Bwd IAT Max,Bwd IAT Min,Fwd Header Len,Bwd Header Len,Fwd Pkts/s,Bwd Pkts/s,Pkt Len Min,Pkt Len Max,Pkt Len Mean,Pkt Len Std,Pkt Len Var,Down/Up Ratio,Pkt Size Avg,Fwd Seg Size Avg,Bwd Seg Size Avg,Subflow Fwd Pkts,Subflow Fwd Byts,Subflow Bwd Pkts,Subflow Bwd Byts,Init Fwd Win Byts,Init Bwd Win Byts,Fwd Act Data Pkts,Fwd Seg Size Min,Active Mean,Active Std,Active Max,Active Min,Idle Mean,Idle Std,Idle Max,Idle Min
Unnamed: 0,1.0000000000000464,-0.01031967193240891,-0.06142427301175285,0.17374263161492084,0.05647343754944493,-0.01773756255239755,-0.01867407603654294,-0.004152608787837264,-0.04016753439397849,-0.04377766542566024,-0.08594002217871488,0.03229544535320201,-0.06886913421024245,-0.004152608787837264,-0.02717398427098579,-0.004966201929883085,-0.05196764471962188,-0.02816641505499911,0.01925733293658373,-0.055589198793194,0.04897343623830763,-0.005031330889001458,-0.05448847375688679,-0.044488430389045375,-0.0782927768216743,,,-0.0009567093889230437,-0.0032699280475658194,-0.097882625196216,-0.1092397486692558,0.08061966103775649,0.029469960802436017,-0.0032699280475658194,0.06259436807970017,-0.021306905571648823,-0.0839295305408956,0.03229544535320201,0.006186398621289552,0.20361040700480446,-0.035712415336189254,-0.03853985603988181,0.056116211999439586,-0.08693708968985625,0.19614354611569296,0.10092432260770226,-0.035777668763800535,0.007120112819710959,-0.02084656445401889,-0.1306383241700771,-0.09626305174678727,0.01925733293658373,0.02026149083807713,0.04897343623830763,0.05647343754944493,-0.004251860330468758,-0.021159392541337498,-0.042507564857189054,-0.08435879162008515,-0.22679210347081766,-0.0016335668416642517
Src Port,-0.01031967193240891,0.9999999999998813,-0.00751578844165829,-0.03120861575763406,0.011419444550249869,0.9062693955899076,0.0015274363130858865,0.0008567760400645897,0.03209807318281798,0.04972109966663848,-0.007497869667916021,-0.01679395553048403,0.13644924699601435,0.0008567760400645897,-0.0014991056678592893,0.017448335000666067,-0.007688190720026768,-0.0075848902316275535,0.009429778552543733,0.13810949337520556,-0.008554077306953213,0.03434778624087292,0.04970512478257723,0.04327784802595987,0.04909773012351987,,,0.0005129065879210773,0.003651784879714239,0.01821593273582934,-0.0023901206851781468,-0.013609020378926017,0.009504411240573697,0.003651784879714239,-0.008052569249480954,0.15214647700578388,-0.007453761597417773,-0.01679395553048403,-0.006753298532566627,-0.03170242769665801,-0.008614855503273924,-0.0059541595781478895,0.011426223837434142,-0.0001962419710577386,-0.027873413658795778,-0.058054744742570115,-0.005523490273753675,0.07524419377029437,0.7361879456896915,-0.014810029102049085,-5.8022539704416955e-05,0.009429778552543733,0.01693389782629913,-0.008554077306953215,0.011419444550249869,-0.0004040321495647506,-0.009210469027666007,0.0565858397536255,-0.02554532999874346,-0.030555896019103922,0.004105315985513808
Dst Port,-0.06142427301175285,-0.00751578844165829,1.0000000000000095,-0.3436315695062595,0.018560933505277297,-0.01056185242447098,0.09744162625018123,0.00834792710140929,0.2863648661950566,0.17531786755514303,-0.10659430239508937,0.448461737718608,0.29675249541276827,0.00834792710140929,-0.04319810719638039,0.3937197511743522,-0.08317639108415054,0.5133496285225069,0.009028026255750443,0.3021890746453452,0.7842168448135975,0.22771037735192415,0.17853626597855646,0.16714412384771282,0.17602114587328407,,,0.37451318661083727,0.00013518497665682494,0.03780784211850962,0.2216785644308742,0.7293578985620248,0.3275388897835722,0.00013518497665682494,0.7627147129198437,-0.005897025412952723,-0.10821611840992078,0.448461737718608,-0.07023187897259879,-0.3442489523867746,0.939543666461232,0.6153332412035513,0.021028033488668718,-0.08100467092551446,-0.30337987963090823,0.12212756136092727,0.9699893296615398,0.08373409411160299,-0.0027860037973347586,0.4441719339442263,-0.04726745713127971,0.009028026255750443,0.3322805739247104,0.7842168448135978,0.018560933505277297,-0.002729491439739067,0.9312805319596523,0.17849951913211792,-0.1299085701836544,0.30367079338582254,0.008241922769630192
Flow Duration,0.17374263161492084,-0.03120861575763406,-0.3436315695062595,1.0000000000001577,-0.005596435471446038,-0.040085932102454806,0.018418350820633998,-0.006362594290189203,-0.05309525524273937,-0.1032529612125091,-0.09089189537971713,-0.10860603498095907,-0.16519709536548435,-0.006362594290189203,0.0945526339646655,-0.1367536128031135,-0.0627876292533344,-0.32080763566805914,-0.0018992828031470217,-0.1727849549119229,0.03371722345368352,-0.06169447103138974,-0.1354656976475265,-0.09950319361801066,-0.12516351176585225,,,-0.09513186543213395,-0.0027832972901236635,0.07904181292510143,-0.228503561538831,0.057858077332287386,-0.12957507632121068,-0.0027832972901236635,-0.04093988733545334,-0.03364065176625142,-0.08934934579516426,-0.10860603498095907,-0.033020133458246996,0.7862447751979021,-0.2855120077754328,-0.2929308231868777,-0.007780664824535953,-0.09843569001190892,0.6972982754782574,0.335176407671075,-0.24480996941742644,-0.04216900316456143,-0.04499072821264961,-0.2556413196630402,-0.10166253450619478,-0.0018992828031470217,-0.09037712679910595,0.03371722345368351,-0.005596435471446038,-0.0016778785837270533,-0.26077891650073043,-0.1048372020019707,-0.27121363790942626,-0.2830029145594218,-0.005864550761410761
Tot Fwd Pkts,0.05647343754944493,0.011419444550249869,0.018560933505277297,-0.005596435471446038,0.9999999999997272,0.011967678245636174,0.001703873592713858,0.0033187115614140747,0.007774055084377052,0.01492118432710592,-0.003411270525899663,0.001861229123738087,0.0317175765799835,0.0033187115614140747,-0.0009967639873338773,0.03855808379776363,-0.002600886704862134,0.006140821018539065,0.9848301700156573,0.033640765137315294,0.08194487490276316,0.005149878379510145,0.01614075375752985,0.01324258976893164,0.012815968193654841,,,0.024553004648117854,0.2158638474679201,6.233483184308827e-05,0.006159399402662104,0.088600151274695,0.0073372033639803975,0.2158638474679201,0.09350533181922593,0.006352981495011242,-0.0034031839468822893,0.001861229123738088,-0.0017485701591171054,-0.008987934806329994,0.04264080224647854,0.016139009195073183,0.9999214769970068,-0.0029600543966138066,-0.007920124453212728,0.005578056808481033,0.04513992164881098,0.01847712848686695,0.013439353953052463,0.0006823890664007548,-0.0019966945356816464,0.9848301700156573,0.02185907424354677,0.08194487490276314,0.9999999999997272,0.00019416216896765172,0.04106501353054595,0.016527109847777662,-0.00698458763117841,0.008550215382012154,0.49554252174502833
Tot Bwd Pkts,-0.01773756255239755,0.9062693955899076,-0.01056185242447098,-0.040085932102454806,0.011967678245636174,0.9999999999999131,0.002099942800471419,0.0008510127400082193,0.04561319694212584,0.06399075492666033,-0.010017797083519372,-0.025661507775225013,0.1948822050447407,0.0008510127400082193,-0.0030862566985398517,0.026998560449620315,-0.009866749042061498,-0.013154131059210981,0.009417718550519127,0.1955750754537679,-0.011174008971331468,0.046140337871669074,0.06860880765484886,0.051022563829249065,0.0694551556477505,,,0.00041726617171811023,0.004325595123244447,0.02263538144567378,-0.007982561026702518,-0.018763728025596928,0.015195035276622311,0.004325595123244447,-0.011548330756022058,0.5550746139460857,-0.010025404890835119,-0.02566150777522501,-0.0086671300044224,-0.04084162493201099,-0.012692012519621735,-0.010963874128542307,0.011991414531854889,-0.0007335695568839362,-0.035929163392511926,-0.08220527942873532,-0.0085515033807118,0.14614829810387556,0.9495025145550499,-0.022280285644433507,0.00021858573022185855,0.009417718550519127,0.02376715483634329,-0.011174008971331471,0.011967678245636174,-0.0005161592802274841,-0.013206075549601317,0.07773832409701217,-0.03434912025138101,-0.05052506961500101,0.003932157510468209
TotLen Fwd Pkts,-0.01867407603654294,0.0015274363130858865,0.09744162625018123,0.018418350820633998,0.001703873592713858,0.002099942800471419,1.0000000000001605,0.0004442506400765814,0.6202027698276344,0.4802535347741409,-0.034963718758341235,0.03854911632181448,0.39606075920687617,0.0004442506400765814,0.8698569613944027,0.5059304951807871,-0.027704141220455367,0.062051779999973355,-0.0007636706114969214,0.4320480097168101,0.07458748528970918,0.7714351637596566,0.44982712418404547,0.47151173170837435,0.3897523352419202,,,0.02706842627906309,-0.0007369635115693003,0.002397878112840414,0.009439766802415603,0.05905529976448026,0.4302918069607923,-0.0007369635115693003,0.07038563418054213,0.004493464824411109,0.02228201744211709,0.03854911632181449,-0.024336308921913415,-0.09067170398921473,0.1137116191319412,0.07814274506847377,0.0025218872080035514,0.10612269566344093,-0.06827431028693279,0.03378620831321234,0.11361871262846422,0.11163654193471491,0.007919836307337294,-0.03515098796184851,0.180798985976833,-0.0007636706114969214,0.6626986452591231,0.07458748528970918,0.001703873592713858,-0.000919573737694389,0.10068210118205921,0.481862005691406,-0.06332665076463087,0.09278805560520272,0.000711714533822791
TotLen Bwd Pkts,-0.004152608787837264,0.0008567760400645897,0.00834792710140929,-0.006362594290189203,0.0033187115614140747,0.0008510127400082193,0.0004442506400765814,1.0000000000000613,0.0028013542932021525,0.0009718904973094937,-0.0033329617678090804,0.018770034193312586,0.03482665081219462,1.0000000000000613,-0.0011389597763416968,0.00809200240065619,-0.0024880065856238897,0.012152393087511197,0.0024113679838683273,0.034655898315026364,0.006913844982985755,0.0018425859928265398,0.0013452652077461929,0.0006865558274785355,0.0013915814178208656,,,0.0051332179518817946,0.972670844360067,-0.010359073878217011,-0.00017014722834435346,0.01286448992279275,0.003662000589532386,0.972670844360067,0.014489270444278965,0.0004428146849381873,-0.003382327506812409,0.018770034193312586,-0.002260905141606909,0.00141910289196378,0.012301375171990557,0.015972090339639068,0.0033405455299939046,-0.0032072972403810176,0.005406678478687843,0.004838841054442218,0.009540127327901994,0.0025055399793533664,0.0013069864421269691,0.004852133397257134,-0.00280338344163171,0.0024113679838683273,0.004543258776393013,0.006913844982985756,0.0033187115614140747,0.9978614178729507,0.010634041475389799,0.0012122854049206725,-0.003208402573281143,-0.005569649697755766,0.8554723394404945
Fwd Pkt Len Max,-0.04016753439397849,0.03209807318281798,0.2863648661950566,-0.05309525524273937,0.007774055084377052,0.04561319694212584,0.6202027698276344,0.0028013542932021525,0.9999999999999808,0.6650844484489091,-0.04283071017759245,0.03153017408789117,0.6323152100296149,0.0028013542932021525,0.42042060777373164,0.656044249794883,-0.03496813193142916,0.062491435697889924,0.0017907200603162828,0.6268055546062288,0.27843341849053493,0.832388947900248,0.6558042348233527,0.6481816308695111,0.6809752372720299,,,0.10227532021270579,0.00029809155368248094,0.030411105352073798,0.060956012114641495,0.2297743705212216,0.6399466723922453,0.00029809155368248094,0.25261250694699805,0.04553221460952978,-0.042194338760560765,0.03153017408789117,-0.030717546875564637,-0.1414306433191055,0.27910601017150405,0.11420646213694045,0.008550792155795883,0.07601797911428473,-0.12444027302502987,0.09167054860572456,0.30511491510228134,0.2369074464355829,0.05471715556288766,-0.042857155583559625,0.17085191093940472,0.0017907200603162828,0.8028992533808927,0.27843341849053493,0.007774055084377052,-0.0007937160615190752,0.2721472946497673,0.6750737815366753,-0.12168459038316315,0.18748714672561992,0.0033042859281402956
Fwd Pkt Len Min,-0.04377766542566024,0.04972109966663848,0.17531786755514303,-0.1032529612125091,0.01492118432710592,0.06399075492666033,0.4802535347741409,0.0009718904973094937,0.6650844484489091,1.00000000000032,0.5243228866505556,-0.04196132854459646,0.71219267672007,0.0009718904973094937,0.2774405101644709,0.5445745033533237,-0.03842207792337678,-0.0023093119214919054,0.007844965811108072,0.736822018439859,0.18784954531127107,0.681867907244084,0.9227340516246001,0.9952986914089056,0.8912831670476119,,,0.0752356544729523,0.0006779552288374918,0.08482489334440768,0.3058546710555643,0.14119868588144785,0.6151393465379351,0.0006779552288374918,0.1674581046070123,0.05283188885882334,0.5381923455115611,-0.041961328544596464,-0.03375187572676155,-0.13912969432700062,0.1665814089592297,0.03450970060717444,0.015444311110342356,0.6188687956411801,-0.11788541460110463,-0.06214797774477928,0.1883783266472885,0.1622146451041135,0.06896142050316363,-0.10511553938714804,0.6594144899289645,0.007844965811108072,0.7183805945080608,0.1878495453112711,0.01492118432710592,-0.0013754517618371008,0.16646195544075754,0.9946375747633612,-0.0589447226888618,0.127415876640735,0.004234318060093843
Fwd Pkt Len Mean,-0.08594002217871488,-0.007497869667916021,-0.10659430239508937,-0.09089189537971713,-0.003411270525899663,-0.010017797083519372,-0.034963718758341235,-0.0033329617678090804,-0.04283071017759245,0.5243228866505556,0.9999999999999836,-0.13054263985600326,0.35177879518926747,-0.0033329617678090804,-0.013657567280168306,-0.05268268274131898,-0.022048288000684153,-0.09969737915457655,-0.0012581726789782036,0.3501198181483651,-0.11429684373536726,-0.04686668463494386,0.6379858819387482,0.5319081559782114,0.6517210796703345,,,-0.03272572966528237,-0.001801961883807272,0.11002102962118562,0.3515984585378951,-0.14099400343236304,-0.04535586980157219,-0.001801961883807272,-0.12787390382819544,-0.009120269506754916,0.9800184716617654,-0.13054263985600326,-0.019368698346083426,-0.07948985593814148,-0.12581031085035316,-0.1116408607194785,-0.003627519407010832,0.9835659470545155,-0.06988271286853165,-0.14731377384280725,-0.11568686351346665,-0.012876809668625522,-0.011772772594369029,-0.07683097400025683,0.9525151753108826,-0.0012581726789782036,-0.04732299849432859,-0.11429684373536726,-0.003411270525899663,-0.0015944637817062594,-0.1264298347194518,0.5120149888849823,0.015561615116209626,0.052428464123175464,-0.0025854641232380474
Fwd Pkt Len Std,0.03229544535320201,-0.01679395553048403,0.448461737718608,-0.10860603498095907,0.001861229123738087,-0.025661507775225013,0.03854911632181448,0.018770034193312586,0.03153017408789117,-0.04196132854459646,-0.13054263985600326,0.9999999999996536,-0.026048605809876797,0.018770034193312586,-0.019035485447684155,0.07190775632782892,-0.09184948072355255,0.9179164316869266,-0.0032584400992888996,-0.004303030864875439,0.2667127314147091,0.07134864633200429,-0.019350114442902487,-0.044463368533239934,-0.06007676737819206,,,0.18186785400650704,-0.0018358897780306766,-0.01086776019812191,0.006574286652205126,0.5336070069586379,0.13144887010224868,-0.0018358897780306766,0.5187714292270308,-0.02610383332980898,-0.13156190276358826,0.9999999999996536,-0.07868222773634645,-0.06471602063038553,0.6430197785276998,0.8886028650142273,0.003462754867360362,-0.12242710870988788,0.025504595672017367,-0.19336283442052782,0.4293469910036744,0.016734053316076806,-0.025398907381431614,0.3571044067905994,-0.12445033146978962,-0.0032584400992888996,0.10005964359029154,0.2667127314147091,0.001861229123738087,-0.0016818788061883317,0.6393362576454525,-0.03919217650927129,0.2403212915539847,-0.14794855278940455,0.0009746916163419925
Bwd Pkt Len Max,-0.06886913421024245,0.13644924699601435,0.29675249541276827,-0.16519709536548435,0.0317175765799835,0.1948822050447407,0.39606075920687617,0.03482665081219462,0.6323152100296149,0.71219267672007,0.35177879518926747,-0.026048605809876797,1.0000000000000502,0.03482665081219462,0.13132490838226443,0.8474968590091124,-0.047944553253373094,0.059338637839195164,0.017113534959369438,0.9904315495618619,0.26893586381233486,0.5513362685303155,0.726838413320667,0.6920263359463222,0.7572989045629201,,,0.11406035053849574,0.0327626433046852,0.07480302578500177,0.2041051035014881,0.21150282499117862,0.5439148611407161,0.0327626433046852,0.24928743309134546,0.19534762383031398,0.36332776473077016,-0.026048605809876793,-0.04211723785761681,-0.19090167836446442,0.30101004695292927,0.14708944015393743,0.03383042156127997,0.43494335907864745,-0.1678617202012541,0.003954683503302584,0.3327239370071592,0.22639852683860204,0.23549754434119316,-0.10056377728529893,0.5155750454784,0.017113534959369438,0.6113398978968037,0.26893586381233486,0.0317175765799835,0.02876168504575615,0.2813967364857781,0.7203950892079406,-0.14018037168027606,0.17726334071532698,0.036452046497254205
Bwd Pkt Len Min,-0.004152608787837264,0.0008567760400645897,0.00834792710140929,-0.006362594290189203,0.0033187115614140747,0.0008510127400082193,0.0004442506400765814,1.0000000000000613,0.0028013542932021525,0.0009718904973094937,-0.0033329617678090804,0.018770034193312586,0.03482665081219462,1.0000000000000613,-0.0011389597763416968,0.00809200240065619,-0.0024880065856238897,0.012152393087511197,0.0024113679838683273,0.034655898315026364,0.006913844982985755,0.0018425859928265398,0.0013452652077461929,0.0006865558274785355,0.0013915814178208656,,,0.0051332179518817946,0.972670844360067,-0.010359073878217011,-0.00017014722834435346,0.01286448992279275,0.003662000589532386,0.972670844360067,0.014489270444278965,0.0004428146849381873,-0.003382327506812409,0.018770034193312586,-0.002260905141606909,0.00141910289196378,0.012301375171990557,0.015972090339639068,0.0033405455299939046,-0.0032072972403810176,0.005406678478687843,0.004838841054442218,0.009540127327901994,0.0025055399793533664,0.0013069864421269691,0.004852133397257134,-0.00280338344163171,0.0024113679838683273,0.004543258776393013,0.006913844982985756,0.0033187115614140747,0.9978614178729507,0.010634041475389799,0.0012122854049206725,-0.003208402573281143,-0.005569649697755766,0.8554723394404945
Bwd Pkt Len Mean,-0.02717398427098579,-0.0014991056678592893,-0.04319810719638039,0.0945526339646655,-0.0009967639873338773,-0.0030862566985398517,0.8698569613944027,-0.0011389597763416968,0.42042060777373164,0.2774405101644709,-0.013657567280168306,-0.019035485447684155,0.13132490838226443,-0.0011389597763416968,1.000000000000148,0.16401646988617896,-0.010928537524073186,-0.023697099526830512,-0.0005893556765169129,0.13921301288427318,-0.006122964162643834,0.5049334636873561,0.25527668576096335,0.27749807577291785,0.24447923863957863,,,-0.013644013548423524,-0.0007283433380647239,0.010103930909957213,-0.022691582083274764,-0.018064155642802653,-0.01161277716892065,-0.0007283433380647239,-0.01622607670828298,-0.004374966588563298,0.04670177790567707,-0.019035485447684155,-0.0096000552079426,-0.034609825987052485,-0.039012970946456386,-0.0317905870661346,-0.00112072201091275,0.08388722677573195,-0.019097824554402097,0.014621949141855968,-0.0337754411423693,0.021187497680561187,-0.00418876518168885,-0.00993068205195884,0.15245808356390353,-0.0005893556765169129,0.36789780071888323,-0.006122964162643835,-0.0009967639873338773,-0.0006652073542357412,-0.03497290238139434,0.2738724616270945,-0.03908853537981099,0.05210781319783449,-0.0008217368372839208
Bwd Pkt Len Std,-0.004966201929883085,0.017448335000666067,0.3937197511743522,-0.1367536128031135,0.03855808379776363,0.026998560449620315,0.5059304951807871,0.00809200240065619,0.656044249794883,0.5445745033533237,-0.05268268274131898,0.07190775632782892,0.8474968590091124,0.00809200240065619,0.16401646988617896,1.0000000000000984,-0.041512866815315096,0.1507143358986564,0.020682167742494127,0.8599406297834988,0.3586299438273722,0.6304105715644306,0.50746621170526,0.5251730057583053,0.49449210778462965,,,0.14707887756701774,0.0047561070124807064,0.020549716910691043,0.1012385402851388,0.32110023977251617,0.7058498813742359,0.0047561070124807064,0.35485794173491103,0.038410835696318396,-0.035180024584269824,0.07190775632782892,-0.03646553152274085,-0.1642856756979147,0.4177743664064907,0.2497357186784447,0.04108642512902919,0.04567595246140661,-0.14210915067926097,0.10283136626935749,0.43798431086985135,0.19056405115065195,0.05490454813493786,-0.07116375103698429,0.13071559732091337,0.020682167742494127,0.7618948679471429,0.3586299438273722,0.03855808379776363,0.00010327350629033585,0.39627443517006333,0.5515972625304013,-0.128460949510721,0.201811958382914,0.014482344252377795
Flow Byts/s,-0.05196764471962188,-0.007688190720026768,-0.08317639108415054,-0.0627876292533344,-0.002600886704862134,-0.009866749042061498,-0.027704141220455367,-0.0024880065856238897,-0.03496813193142916,-0.03842207792337678,-0.022048288000684153,-0.09184948072355255,-0.047944553253373094,-0.0024880065856238897,-0.010928537524073186,-0.041512866815315096,0.9999999999999911,-0.0706725259026214,-0.0009778742299943394,-0.05031869438959299,-0.08674209095114188,-0.038360402954406854,-0.045890614651560524,-0.037409978076975325,-0.042583776988791205,,,-0.025108428607607116,-0.0014033502040460917,0.01659533111133245,-0.03122638774451646,-0.09722320667998885,-0.035741630786479336,-0.0014033502040460917,-0.09028389619140151,-0.008301771898978998,-0.022521115747311603,-0.09184948072355255,0.09547439368646435,-0.06756583404672135,-0.0948085205751315,-0.08238239175878206,-0.0027706989683392693,-0.028142038680911075,-0.056241323746991596,-0.21122992000546753,-0.08963520075272123,-0.012529073379121956,-0.011187612147307896,-0.0592379505619653,-0.03093846829374586,-0.0009778742299943394,-0.03733802564615483,-0.08674209095114188,-0.002600886704862134,-0.001185266871604739,-0.09239666863405392,-0.03886794783038177,0.2453615618503577,0.09453046305107227,-0.00184389416460738
Flow Pkts/s,-0.02816641505499911,-0.0075848902316275535,0.5133496285225069,-0.32080763566805914,0.006140821018539065,-0.013154131059210981,0.062051779999973355,0.012152393087511197,0.062491435697889924,-0.0023093119214919054,-0.09969737915457655,0.9179164316869266,0.059338637839195164,0.012152393087511197,-0.023697099526830512,0.1507143358986564,-0.0706725259026214,1.0000000000001386,-0.0005283009986539229,0.08294794799685545,0.2635412427544278,0.10329804212303664,0.027398716781128284,-0.005151623864834425,-0.016146299768687224,,,0.20124462179755587,-0.0027960339437705056,-0.04781685366978215,0.05232009015412507,0.4738075338355008,0.16895702954310027,-0.0027960339437705056,0.48712926310523563,-0.013852440392364166,-0.10134536786543112,0.9179164316869266,-0.06566430146536839,-0.33330990013473916,0.7006426029474391,0.9536544677085059,0.008591728167102474,-0.08602331728088486,-0.29216218780688796,-0.30673127021723295,0.4727455186005205,0.018227872156139465,-0.009547864756587612,0.379621053889204,-0.0826343758019343,-0.0005283009986539229,0.1334111028193322,0.2635412427544278,0.006140821018539065,-0.0034031280224089537,0.6993513965655608,-0.0007791130390627345,0.3473501303329316,-0.10499970546401156,0.0014642683438800934
Flow IAT Mean,0.01925733293658373,0.009429778552543733,0.009028026255750443,-0.0018992828031470217,0.9848301700156573,0.009417718550519127,-0.0007636706114969214,0.0024113679838683273,0.0017907200603162828,0.007844965811108072,-0.0012581726789782036,-0.0032584400992888996,0.017113534959369438,0.0024113679838683273,-0.0005893556765169129,0.020682167742494127,-0.0009778742299943394,-0.0005283009986539229,1.0000000000002984,0.018457879397011063,0.057218452369251036,0.00047463940262785625,0.008738616657831613,0.006885494950142783,0.0063150734025359395,,,0.02132634845897007,0.22220688059653682,-0.0010535542844567483,0.002403652571522814,0.06058720266332056,0.00104484595459616,0.22220688059653682,0.06379039031441126,0.003968301226066419,-0.0012828355761047845,-0.0032584400992889005,-0.0008044900088725069,-0.004069143139336273,0.0287690499175753,0.005509442421146935,0.984719420549341,-0.0013933843655529227,-0.0035828092522880027,0.002662172557058379,0.030770008851208456,0.010841747109300302,0.009756913510050681,-0.0019968956773874016,-0.0012485164242671846,1.0000000000002984,0.010761708819401965,0.05721845236925105,0.9848301700156573,0.0001635590269750997,0.025590135626659807,0.008820450533411643,-0.0035703630363794763,0.0028151987939657192,0.5094546860444443
Flow IAT Std,-0.055589198793194,0.13810949337520556,0.3021890746453452,-0.1727849549119229,0.033640765137315294,0.1955750754537679,0.4320480097168101,0.034655898315026364,0.6268055546062288,0.736822018439859,0.3501198181483651,-0.004303030864875439,0.9904315495618619,0.034655898315026364,0.13921301288427318,0.8599406297834988,-0.05031869438959299,0.08294794799685545,0.018457879397011063,1.0000000000000024,0.2710455934658357,0.6055247960036838,0.7541664934739746,0.7163044409255602,0.7496671760562621,,,0.11769636030591046,0.0326292119631989,0.06630325942932601,0.20073856996366388,0.22011011155523688,0.6004151370696379,0.0326292119631989,0.25805086907517644,0.1936623441220732,0.35865927911719764,-0.004303030864875435,-0.04420240117736468,-0.1957856363703296,0.3116163371200598,0.1656320404808959,0.03582322059086013,0.4441681427137218,-0.17007482857947726,-0.0068560218672193305,0.3358334448322258,0.2334533153457686,0.23529527132727754,-0.10682324461141139,0.5097086417315481,0.018457879397011063,0.6491868244670073,0.2710455934658357,0.033640765137315294,0.028430189179318173,0.29392663521017764,0.7452201918621448,-0.12955471858689233,0.16472803033239652,0.036702911160433525
Flow IAT Max,0.04897343623830763,-0.008554077306953213,0.7842168448135975,0.03371722345368352,0.08194487490276316,-0.011174008971331468,0.07458748528970918,0.006913844982985755,0.27843341849053493,0.18784954531127107,-0.11429684373536726,0.2667127314147091,0.26893586381233486,0.006913844982985755,-0.006122964162643834,0.3586299438273722,-0.08674209095114188,0.2635412427544278,0.057218452369251036,0.2710455934658357,1.000000000000093,0.20079437200441572,0.18396368101826738,0.17845054072283012,0.18676181228656802,,,0.4136971067371484,0.008418948520630277,0.040401526841155076,0.10483365239155855,0.9295469425724138,0.2567786783836309,0.008418948520630277,0.9370496695352214,-0.004724817522827054,-0.115138546341484,0.2667127314147091,-0.06714754591794651,-0.03161726592763944,0.7434817571247513,0.3687142775345588,0.08390614877252456,-0.09634977705647511,-0.026885434458533728,0.22061746675140975,0.7944520825393819,0.10029189489694895,-0.001744115610013038,0.16413288288468092,-0.06653425857620587,0.057218452369251036,0.3342957973007383,1.000000000000093,0.08194487490276316,-0.0024602822064095815,0.8241763541297688,0.1926251375518175,-0.21535289170547103,0.16435834573556835,0.026349389037985563
Flow IAT Min,-0.005031330889001458,0.03434778624087292,0.22771037735192415,-0.06169447103138974,0.005149878379510145,0.046140337871669074,0.7714351637596566,0.0018425859928265398,0.832388947900248,0.681867907244084,-0.04686668463494386,0.07134864633200429,0.5513362685303155,0.0018425859928265398,0.5049334636873561,0.6304105715644306,-0.038360402954406854,0.10329804212303664,0.00047463940262785625,0.6055247960036838,0.20079437200441572,0.999999999999996,0.6710604586376618,0.6667412823310814,0.5783531983230338,,,0.08145776717338264,-0.00038768934374180497,0.002033597648389053,0.03872782505423036,0.17488578130842367,0.7265259114548092,-0.00038768934374180497,0.19443948091407978,0.0422833386577988,-0.0028152882190182827,0.07134864633200429,-0.03369730455811443,-0.1285930006212731,0.2369232284814427,0.1326532060360496,0.006051371744677455,0.1219919622174167,-0.10199411265821921,0.03922181033554949,0.23762368887270174,0.216627129623364,0.05394678499274519,-0.06507157119596775,0.18103487482304273,0.00047463940262785625,0.8215469386497394,0.20079437200441566,0.005149878379510145,-0.0011810717389441156,0.23067396252215522,0.6897087939106574,-0.08014711001439415,0.11673656354096462,0.002065610824209908
Fwd IAT Tot,-0.05448847375688679,0.04970512478257723,0.17853626597855646,-0.1354656976475265,0.01614075375752985,0.06860880765484886,0.44982712418404547,0.0013452652077461929,0.6558042348233527,0.9227340516246001,0.6379858819387482,-0.019350114442902487,0.726838413320667,0.0013452652077461929,0.25527668576096335,0.50746621170526,-0.045890614651560524,0.027398716781128284,0.008738616657831613,0.7541664934739746,0.18396368101826738,0.6710604586376618,1.0000000000000038,0.9101162870659956,0.9653593725099802,,,0.0783238722870302,0.0007406130846908837,0.08555710966536817,0.28339954733842065,0.14171706044104293,0.5865229421240252,0.0007406130846908837,0.17071098050519198,0.06333437874796617,0.6444785899005796,-0.019350114442902487,-0.04031168515604857,-0.16838807129757224,0.17203474697516694,0.056882263721660775,0.016711363143196305,0.7292040829330114,-0.14391116422366712,-0.060879230671261705,0.185560756194373,0.23879974275281923,0.07601461459893515,-0.10300854903356768,0.7606543986372215,0.008738616657831613,0.684726698085239,0.18396368101826738,0.01614075375752985,-0.0015001057467667078,0.17492698124199116,0.9275898515885874,-0.06026598483411094,0.14505540581050336,0.004553156923589888
Fwd IAT Mean,-0.044488430389045375,0.04327784802595987,0.16714412384771282,-0.09950319361801066,0.01324258976893164,0.051022563829249065,0.47151173170837435,0.0006865558274785355,0.6481816308695111,0.9952986914089056,0.5319081559782114,-0.044463368533239934,0.6920263359463222,0.0006865558274785355,0.27749807577291785,0.5251730057583053,-0.037409978076975325,-0.005151623864834425,0.006885494950142783,0.7163044409255602,0.17845054072283012,0.6667412823310814,0.9101162870659956,1.0000000000004083,0.8780799934659811,,,0.0715421055707823,0.0004359716029159228,0.0846076808938505,0.3076641059015244,0.13172894028476792,0.5997117380586572,0.0004359716029159228,0.1570598201544583,0.035104019149532054,0.5452362467156345,-0.044463368533239934,-0.032862854018579385,-0.1355397519756378,0.1583122275307478,0.02919463806045465,0.01371899704254875,0.6235217438120817,-0.11469027938849993,-0.06371455476653579,0.17956789426279035,0.06941622685783909,0.05238868407588516,-0.10248942103676215,0.661807219751175,0.006885494950142783,0.6983528938670635,0.17845054072283012,0.01324258976893164,-0.0013812038729338453,0.15767536133207022,0.9807748023314062,-0.05499195485968006,0.12448747031823645,0.0036927935087965463
Fwd IAT Std,-0.0782927768216743,0.04909773012351987,0.17602114587328407,-0.12516351176585225,0.012815968193654841,0.0694551556477505,0.3897523352419202,0.0013915814178208656,0.6809752372720299,0.8912831670476119,0.6517210796703345,-0.06007676737819206,0.7572989045629201,0.0013915814178208656,0.24447923863957863,0.49449210778462965,-0.042583776988791205,-0.016146299768687224,0.0063150734025359395,0.7496671760562621,0.18676181228656802,0.5783531983230338,0.9653593725099802,0.8780799934659811,0.9999999999998954,,,0.07425115850704295,0.0006484948654487768,0.1038525301168117,0.2969148783185897,0.1311444489371436,0.4881909911281103,0.0006484948654487768,0.160667982507009,0.06661714373226474,0.665905486830358,-0.06007676737819205,-0.037407413886379026,-0.16414551874830194,0.1589727565052679,0.024451977634333356,0.013270351331970218,0.7237943434559614,-0.14431318846514227,-0.038329877270023925,0.18819389910766707,0.23984424768821483,0.07807209963619584,-0.0897021023800991,0.7871183681042592,0.0063150734025359395,0.6254976336527182,0.18676181228656802,0.012815968193654841,-0.0012534704681405604,0.15783904595067583,0.8969052824345243,-0.08424005830889612,0.17578684137753212,0.003861014250468777
Fwd IAT Max,,,,,,,,,,,,,,,,,,,,,,,,,,,,,,,,,,,,,,,,,,,,,,,,,,,,,,,,,,,,,
Fwd IAT Min,,,,,,,,,,,,,,,,,,,,,,,,,,,,,,,,,,,,,,,,,,,,,,,,,,,,,,,,,,,,,
Bwd IAT Tot,-0.0009567093889230437,0.0005129065879210773,0.37451318661083727,-0.09513186543213395,0.024553004648117854,0.00041726617171811023,0.02706842627906309,0.0051332179518817946,0.10227532021270579,0.0752356544729523,-0.03272572966528237,0.18186785400650704,0.11406035053849574,0.0051332179518817946,-0.013644013548423524,0.14707887756701774,-0.025108428607607116,0.20124462179755587,0.02132634845897007,0.11769636030591046,0.4136971067371484,0.08145776717338264,0.0783238722870302,0.0715421055707823,0.07425115850704295,,,0.999999999999657,0.003515292283117774,-0.01250807070056468,0.04665042779523246,0.39918035542520175,0.11221996518882837,0.003515292283117774,0.4122803881808647,0.0017309036184947994,-0.03332675271935865,0.181867854006507,-0.02088026617560802,-0.10402795316468705,0.3908857468025264,0.23003480026563355,0.025957727467566853,-0.02493315895927474,-0.08761041728028769,0.007224814176692216,0.37706969195160456,0.03856232380894236,0.004379250504288906,0.07895597437773957,-0.014470177893789123,0.02132634845897007,0.12966152296599584,0.4136971067371484,0.024553004648117854,-0.000796470882029214,0.41430335140416935,0.07692154779109314,-0.0067181673645476895,0.0469211708234872,0.010992543134093103
Bwd IAT Mean,-0.0032699280475658194,0.003651784879714239,0.00013518497665682494,-0.0027832972901236635,0.2158638474679201,0.004325595123244447,-0.0007369635115693003,0.972670844360067,0.00029809155368248094,0.0006779552288374918,-0.001801961883807272,-0.0018358897780306766,0.0327626433046852,0.972670844360067,-0.0007283433380647239,0.0047561070124807064,-0.0014033502040460917,-0.0027960339437705056,0.22220688059653682,0.0326292119631989,0.008418948520630277,-0.00038768934374180497,0.0007406130846908837,0.0004359716029159228,0.0006484948654487768,,,0.003515292283117774,1.0000000000000797,-0.01059740765927115,-0.001855207543458907,0.00785707982252175,2.885433473218213e-05,1.0000000000000797,0.009383745737638208,0.003026018290367059,-0.0018270646484953128,-0.0018358897780306766,-0.0014121371912837772,0.004515979848156916,0.0036637870023716324,-0.0008348801911252741,0.2158219726945453,-0.00191581103169014,0.004202615651094955,0.00565870790783391,0.00447630309797374,0.0024933059990411227,0.004607441523534758,-0.0025000513981043074,-0.001796333034210835,0.22220688059653682,0.0018079007439715266,0.00841894852063028,0.2158638474679201,0.9742822356761544,0.002314325906476858,0.0009263850007841675,-0.005098255788151966,-0.007079878796735643,0.9503511313260681
Bwd IAT Std,-0.097882625196216,0.01821593273582934,0.03780784211850962,0.07904181292510143,6.233483184308827e-05,0.02263538144567378,0.002397878112840414,-0.010359073878217011,0.030411105352073798,0.08482489334440768,0.11002102962118562,-0.01086776019812191,0.07480302578500177,-0.010359073878217011,0.010103930909957213,0.020549716910691043,0.01659533111133245,-0.04781685366978215,-0.0010535542844567483,0.06630325942932601,0.040401526841155076,0.002033597648389053,0.08555710966536817,0.0846076808938505,0.1038525301168117,,,-0.01250807070056468,-0.01059740765927115,1.0000000000000004,0.2077175388767737,0.02112393574154293,-0.006469226494430223,-0.01059740765927115,0.01820710210459474,0.017119883701313184,0.1123512661065604,-0.010867760198121922,-0.0930212108383507,0.039855097352145624,0.02398439095629576,0.002662474872972833,-0.0003663931033819291,0.10858096033312409,0.053578081664831696,0.01043366421494653,0.06812673959292392,0.012387173905698323,0.023231968169022416,0.08068362454939008,0.11760276707090747,-0.0010535542844567483,0.013252608405029172,0.04040152684115506,6.233483184308827e-05,-0.010865635619957691,-0.000911225377742344,0.08406301087419335,-0.03695925518678023,0.408898955887925,-0.009521788010777764
Bwd IAT Max,-0.1092397486692558,-0.0023901206851781468,0.2216785644308742,-0.228503561538831,0.006159399402662104,-0.007982561026702518,0.009439766802415603,-0.00017014722834435346,0.060956012114641495,0.3058546710555643,0.3515984585378951,0.006574286652205126,0.2041051035014881,-0.00017014722834435346,-0.022691582083274764,0.1012385402851388,-0.03122638774451646,0.05232009015412507,0.002403652571522814,0.20073856996366388,0.10483365239155855,0.03872782505423036,0.28339954733842065,0.3076641059015244,0.2969148783185897,,,0.04665042779523246,-0.001855207543458907,0.2077175388767737,1.000000000000041,0.05791659789059766,0.057039483741404294,-0.001855207543458907,0.08704532692444047,-0.013233596505765973,0.34728942240680805,0.006574286652205126,-0.03597633494003766,-0.2332736018771669,0.17229273209606344,0.09600142051170679,0.006592047575354688,0.35363358066082656,-0.20337380156442086,-0.06077799692686931,0.21344719535852766,0.013730111928034893,-0.008579142382454377,0.21738403334219716,0.3568526274042124,0.002403652571522814,0.05802774400204005,0.10483365239155855,0.006159399402662104,-0.00252544293192821,0.15089785589072785,0.3002599752707194,-0.00836157244107788,0.3946028030390939,0.0005967916878493965
Bwd IAT Min,0.08061966103775649,-0.013609020378926017,0.7293578985620248,0.057858077332287386,0.088600151274695,-0.018763728025596928,0.05905529976448026,0.01286448992279275,0.2297743705212216,0.14119868588144785,-0.14099400343236304,0.5336070069586379,0.21150282499117862,0.01286448992279275,-0.018064155642802653,0.32110023977251617,-0.09722320667998885,0.4738075338355008,0.06058720266332056,0.22011011155523688,0.9295469425724138,0.17488578130842367,0.14171706044104293,0.13172894028476792,0.1311444489371436,,,0.39918035542520175,0.00785707982252175,0.02112393574154293,0.05791659789059766,0.9999999999999449,0.24284475525470217,0.00785707982252175,0.9926790892103659,-0.012815233049911886,-0.14213860657919716,0.5336070069586379,-0.07884929741199807,0.044992259770081935,0.7743082128409576,0.5536858124469497,0.09066993396728865,-0.12624662514892848,0.07283544291481464,0.13159582586118493,0.745025454471026,0.09740427099259932,-0.010317483357302737,0.19895774238335254,-0.10336702613986264,0.06058720266332056,0.3101888696205373,0.9295469425724138,0.088600151274695,-0.002638720729429434,0.8551173456329638,0.14700416476395728,-0.10786083880317754,0.052006961587847005,0.025559954053976444
Fwd Header Len,0.029469960802436017,0.009504411240573697,0.3275388897835722,-0.12957507632121068,0.0073372033639803975,0.015195035276622311,0.4302918069607923,0.003662000589532386,0.6399466723922453,0.6151393465379351,-0.04535586980157219,0.13144887010224868,0.5439148611407161,0.003662000589532386,-0.01161277716892065,0.7058498813742359,-0.035741630786479336,0.16895702954310027,0.00104484595459616,0.6004151370696379,0.2567786783836309,0.7265259114548092,0.5865229421240252,0.5997117380586572,0.4881909911281103,,,0.11221996518882837,2.885433473218213e-05,-0.006469226494430223,0.057039483741404294,0.24284475525470217,0.999999999999833,2.885433473218213e-05,0.26372280649790436,0.01919488858253099,-0.03993231768719418,0.13144887010224868,-0.031396534249749974,-0.12285770691688248,0.3443326719177895,0.20962447969875211,0.008428446885956741,0.056124349784254804,-0.10540383899805515,0.03462873408796285,0.3361676364003664,0.21781939940381043,0.02255351638790023,-0.056407705309364,0.08599661749544184,0.00104484595459616,0.8632093763202491,0.2567786783836309,0.0073372033639803975,-0.0008351823064694133,0.32905065757936997,0.6237773537535897,-0.049240417323599614,0.09323278655182844,0.003355179330596772
